2.787547839455653998e-04 5.273934183848727779e-04 4.848169698286175890e-04 4.375586099292426922e-04 3.790829561527445319e-04 -4.447434383280185152e-04 -4.133349797708417254e-04 -3.437998770102166659e-04 -2.278320763573564423e-04 -1.272953075609508625e-04
5.273934183848727779e-04 1.203858660456493890e-03 9.423822312736235881e-04 8.536349844650287363e-04 7.347402830338041870e-04 -8.547769174592803306e-04 -7.908806350514876234e-04 -6.687522909172172875e-04 -4.602311273943672639e-04 -2.232874331679931927e-04
4.848169698286175890e-04 9.423822312736235881e-04 9.150700737398147428e-04 7.848870296643185905e-04 6.801644708151475312e-04 -7.834457222656684072e-04 -7.213757540115342103e-04 -6.033590542436852080e-04 -4.058554690653267240e-04 -2.280598823447490696e-04
4.375586099292426922e-04 8.536349844650287363e-04 7.848870296643185905e-04 7.398913463111719130e-04 6.032862478375130687e-04 -7.077917622195572600e-04 -6.510016656982183479e-04 -5.429582316030198176e-04 -3.619099931572871982e-04 -2.102695586789176784e-04
3.790829561527445319e-04 7.347402830338041870e-04 6.801644708151475312e-04 6.032862478375130687e-04 5.713139862013960971e-04 -6.127402461906440072e-04 -5.638539830108473200e-04 -4.699776314659548869e-04 -3.122408552407003406e-04 -1.824208897725968339e-04
-4.447434383280185152e-04 -8.547769174592803306e-04 -7.834457222656684072e-04 -7.077917622195572600e-04 -6.127402461906440072e-04 1.045994745136928899e-03 6.335611322790135223e-04 5.382634756925122697e-04 3.614309203727675691e-04 2.068187353612971889e-04
-4.133349797708417254e-04 -7.908806350514876234e-04 -7.213757540115342103e-04 -6.510016656982183479e-04 -5.638539830108473200e-04 6.335611322790135223e-04 7.212402564379680279e-04 4.925929513108162844e-04 3.334806784226307212e-04 1.893793091575390235e-04
-3.437998770102166659e-04 -6.687522909172172875e-04 -6.033590542436852080e-04 -5.429582316030198176e-04 -4.699776314659548869e-04 5.382634756925122697e-04 4.925929513108162844e-04 4.571161907995709996e-04 2.763533589173153716e-04 1.542825169325551357e-04
-2.278320763573564423e-04 -4.602311273943672639e-04 -4.058554690653267240e-04 -3.619099931572871982e-04 -3.122408552407003406e-04 3.614309203727675691e-04 3.334806784226307212e-04 2.763533589173153716e-04 2.024967919070495999e-04 9.398352873581694079e-05
-1.272953075609508625e-04 -2.232874331679931927e-04 -2.280598823447490696e-04 -2.102695586789176784e-04 -1.824208897725968339e-04 2.068187353612971889e-04 1.893793091575390235e-04 1.542825169325551357e-04 9.398352873581694079e-05 7.563225342215516530e-05
