2.097364330423713563e-04 -5.142418592057764712e-05 -3.006457721676043785e-05 -9.870395070216692718e-06 -4.113169983682285464e-05 -9.749505706285497642e-04 -6.824895817582172738e-05 -1.834183867030026523e-04 -2.413251981203223915e-04 -2.693340002431781244e-04 -2.903680348731222822e-05 -3.456740514595466366e-05 -4.300968163683559963e-05 -5.480029401039962798e-05 9.289012709806026646e-05 -1.470988611179698110e-03 -2.116306642360318239e-04 -1.711425010941760498e-04 -1.230314654488759559e-04 -7.765122109574122190e-05 -3.575967960777468643e-05
-5.142418592057764712e-05 2.185375928621258862e-04 -3.735753512853396167e-05 -6.482907699633107083e-04 4.816152177500342065e-05 4.141905884679714990e-04 -4.813520123505219133e-04 -3.978314716379888292e-04 -3.514087095807381282e-04 -3.248522681913176098e-04 2.169348439552600677e-05 3.128300202261183316e-05 4.970724509340163240e-05 8.606650945012487999e-05 -1.008782274152858271e-04 1.109627518932487658e-03 2.952833436388859270e-05 -1.026795800615835208e-05 -4.633207427740084264e-05 -7.916706310949604578e-05 -1.112039094176110401e-04
-3.006457721676043785e-05 -3.735753512853396167e-05 3.685601700269229829e-05 2.125173032861029222e-04 -2.858510807363800902e-05 1.814472893863478106e-04 4.831382923460715806e-05 6.437349036929844578e-05 7.137911296377122644e-05 7.403234887601882529e-05 3.755529953672395507e-06 3.835479409377686179e-06 3.667894823656620393e-06 2.382788890614684624e-06 -1.533896247543526604e-05 2.038287376998430258e-04 1.875822266485231788e-05 5.726891689960580245e-06 -7.244633760011327076e-06 -1.874622034640042729e-05 -2.869547050014086082e-05
-9.870395070216692718e-06 -6.482907699633107083e-04 2.125173032861029222e-04 2.460870337118540099e-03 -3.356538528041297159e-04 -3.420423245938108980e-05 1.369938752581355106e-03 1.251930643166993245e-03 1.173504349900725057e-03 1.120591831458779856e-03 -3.383130000916432302e-05 -5.742922187565885236e-05 -1.034998987174840380e-04 -1.988514075993659048e-04 1.440237853782382873e-04 -1.646308768147465964e-03 -2.504273018696734295e-05 -2.076114691416177809e-05 -1.887097856061507422e-05 -1.371671129119902297e-05 -9.221348770616502166e-09
-4.113169983682285464e-05 4.816152177500342065e-05 -2.858510807363800902e-05 -3.356538528041297159e-04 1.828302185501253538e-04 -1.743678467966283750e-04 -5.508400641176459576e-06 -9.367555055941056161e-06 -4.868174934949391115e-06 6.876704002641806672e-07 1.248669974240118735e-06 3.576434188519404523e-06 6.834449691263444288e-06 1.331475575957308567e-05 3.557338641543164815e-05 -5.332354147853123386e-05 1.247581822040798273e-04 1.823378757076597333e-04 2.259517153508622104e-04 2.613053280886161499e-04 2.906733947254936377e-04
-9.749505706285497642e-04 4.141905884679714990e-04 1.814472893863478106e-04 -3.420423245938108980e-05 -1.743678467966283750e-04 6.552233805610603590e-03 -3.418801986689757200e-04 3.987727907664614089e-04 7.615350107811383849e-04 9.338116443931301046e-04 1.819796088434571504e-04 2.206275497394729788e-04 2.843336396722887199e-04 3.816533290198747402e-04 -7.376323796709335825e-04 9.888527622760934221e-03 5.388889973709015332e-04 5.150824333521356692e-05 -4.174386881321167828e-04 -8.361616144521484290e-04 -1.214344519507219375e-03
-6.824895817582172738e-05 -4.813520123505219133e-04 4.831382923460715806e-05 1.369938752581355106e-03 -5.508400641176459576e-06 -3.418801986689757200e-04 5.178050935918968208e-03 1.262585717785929098e-03 1.178978788928203812e-03 1.088564694720429602e-03 -9.987327205993811689e-04 -2.471722837962155158e-04 -1.286392319072676130e-04 -1.341789283090126831e-04 -1.163964701712759701e-03 3.189037836561924716e-02 1.725508350771091535e-04 2.692191281343825652e-04 3.464347454847953246e-04 4.136618754429208017e-04 4.773016156073347106e-04
-1.834183867030026523e-04 -3.978314716379888292e-04 6.437349036929844578e-05 1.251930643166993245e-03 -9.367555055941056161e-06 3.987727907664614089e-04 1.262585717785929098e-03 1.821340941614451410e-03 1.283889407483215003e-03 1.245685959083467007e-03 4.865067759519343867e-05 -1.473557963115937602e-04 -8.325261424996371353e-05 -1.646321236652094800e-04 -6.728848539714926994e-05 -8.636320010544613207e-03 2.484431164869206881e-04 2.912021659811758062e-04 3.147133546265916491e-04 3.339116899291518902e-04 3.555510146033552662e-04
-2.413251981203223915e-04 -3.514087095807381282e-04 7.137911296377122644e-05 1.173504349900725057e-03 -4.868174934949391115e-06 7.615350107811383849e-04 1.178978788928203812e-03 1.283889407483215003e-03 1.391743411040851502e-03 1.248035234771220029e-03 5.441706260463416146e-05 -2.428300592384199463e-06 -9.933145778322501171e-05 -1.271902530720620385e-04 -1.529811415331172348e-05 -6.235160052472598323e-03 2.882552302995316802e-04 3.069599637956375773e-04 3.043499231081691508e-04 3.007653819186357526e-04 3.016324051761943821e-04
-2.693340002431781244e-04 -3.248522681913176098e-04 7.403234887601882529e-05 1.120591831458779856e-03 6.876704002641806672e-07 9.338116443931301046e-04 1.088564694720429602e-03 1.245685959083467007e-03 1.248035234771220029e-03 1.311268942394308839e-03 8.019386864569466296e-05 1.813239765525689651e-05 -3.531427950779576151e-05 -1.484906116289110478e-04 1.051488104486763262e-04 -6.353836512518359209e-03 3.082646057855500206e-04 3.159431839775770495e-04 3.021205088827210784e-04 2.871288346551125414e-04 2.778323050780568846e-04
-2.903680348731222822e-05 2.169348439552600677e-05 3.755529953672395507e-06 -3.383130000916432302e-05 1.248669974240118735e-06 1.819796088434571504e-04 -9.987327205993811689e-04 4.865067759519343867e-05 5.441706260463416146e-05 8.019386864569466296e-05 4.281784542553456656e-04 1.285632082776878165e-04 1.534032343816591767e-05 -3.726286912012878805e-05 6.999888780933038188e-04 -2.544948876509034105e-02 1.981343458339026163e-05 7.918816289715439183e-06 -5.445562960418716659e-06 -1.727510022397610431e-05 -2.695572335220914017e-05
-3.456740514595466366e-05 3.128300202261183316e-05 3.835479409377686179e-06 -5.742922187565885236e-05 3.576434188519404523e-06 2.206275497394729788e-04 -2.471722837962155158e-04 -1.473557963115937602e-04 -2.428300592384199463e-06 1.813239765525689651e-05 1.285632082776878165e-04 1.045276348689316609e-04 2.288557951377016768e-05 7.917284036246097478e-06 3.322575976245864559e-04 -7.869761123592765653e-03 2.294755176006211782e-05 8.076031702767556125e-06 -7.785037725964356699e-06 -2.203818704707606133e-05 -3.476752877169660231e-05
-4.300968163683559963e-05 4.970724509340163240e-05 3.667894823656620393e-06 -1.034998987174840380e-04 6.834449691263444288e-06 2.843336396722887199e-04 -1.286392319072676130e-04 -8.325261424996371353e-05 -9.933145778322501171e-05 -3.531427950779576151e-05 1.534032343816591767e-05 2.288557951377016768e-05 5.892375901647292841e-05 3.955959243021403560e-05 1.198617551032944364e-04 1.800977737645333967e-03 2.725855489917051639e-05 6.534931288960121897e-06 -1.348933468066982453e-05 -3.241440050885967722e-05 -4.999475181686094632e-05
-5.480029401039962798e-05 8.606650945012487999e-05 2.382788890614684624e-06 -1.988514075993659048e-04 1.331475575957308567e-05 3.816533290198747402e-04 -1.341789283090126831e-04 -1.646321236652094800e-04 -1.271902530720620385e-04 -1.484906116289110478e-04 -3.726286912012878805e-05 7.917284036246097478e-06 3.955959243021403560e-05 1.125234367181847205e-04 -2.747112147445329058e-05 6.397213425691062813e-03 3.240066872059012076e-05 2.239315518408495679e-06 -2.587918471519118217e-05 -5.157411621468038716e-05 -7.659653600224188214e-05
9.289012709806026646e-05 -1.008782274152858271e-04 -1.533896247543526604e-05 1.440237853782382873e-04 3.557338641543164815e-05 -7.376323796709335825e-04 -1.163964701712759701e-03 -6.728848539714926994e-05 -1.529811415331172348e-05 1.051488104486763262e-04 6.999888780933038188e-04 3.322575976245864559e-04 1.198617551032944364e-04 -2.747112147445329058e-05 3.708428014465543938e-03 -3.345703870027912780e-02 -3.401118284745994807e-05 3.744520377123171817e-05 9.915199222046675888e-05 1.508108596598619060e-04 2.002787541793006577e-04
-1.470988611179698110e-03 1.109627518932487658e-03 2.038287376998430258e-04 -1.646308768147465964e-03 -5.332354147853123386e-05 9.888527622760934221e-03 3.189037836561924716e-02 -8.636320010544613207e-03 -6.235160052472598323e-03 -6.353836512518359209e-03 -2.544948876509034105e-02 -7.869761123592765653e-03 1.800977737645333967e-03 6.397213425691062813e-03 -3.345703870027912780e-02 2.298284080091208992e+00 8.738715585528030990e-04 7.311167565390288767e-05 -5.613992990129207297e-04 -1.188795889677871174e-03 -1.854916741621274014e-03
-2.116306642360318239e-04 2.952833436388859270e-05 1.875822266485231788e-05 -2.504273018696734295e-05 1.247581822040798273e-04 5.388889973709015332e-04 1.725508350771091535e-04 2.484431164869206881e-04 2.882552302995316802e-04 3.082646057855500206e-04 1.981343458339026163e-05 2.294755176006211782e-05 2.725855489917051639e-05 3.240066872059012076e-05 -3.401118284745994807e-05 8.738715585528030990e-04 3.164895083382750500e-04 3.378219171053660724e-04 3.426420959469546356e-04 3.419889543360441560e-04 3.393412093865693377e-04
-1.711425010941760498e-04 -1.026795800615835208e-05 5.726891689960580245e-06 -2.076114691416177809e-05 1.823378757076597333e-04 5.150824333521356692e-05 2.692191281343825652e-04 2.912021659811758062e-04 3.069599637956375773e-04 3.159431839775770495e-04 7.918816289715439183e-06 8.076031702767556125e-06 6.534931288960121897e-06 2.239315518408495679e-06 3.744520377123171817e-05 7.311167565390288767e-05 3.378219171053660724e-04 4.201048131510150838e-04 4.682169684864228177e-04 5.083884670661923885e-04 5.421482819009022531e-04
-1.230314654488759559e-04 -4.633207427740084264e-05 -7.244633760011327076e-06 -1.887097856061507422e-05 2.259517153508622104e-04 -4.174386881321167828e-04 3.464347454847953246e-04 3.147133546265916491e-04 3.043499231081691508e-04 3.021205088827210784e-04 -5.445562960418716659e-06 -7.785037725964356699e-06 -1.348933468066982453e-05 -2.587918471519118217e-05 9.915199222046675888e-05 -5.613992990129207297e-04 3.426420959469546356e-04 4.682169684864228177e-04 5.675855318446932935e-04 6.392262740754696849e-04 7.057225021371605093e-04
-7.765122109574122190e-05 -7.916706310949604578e-05 -1.874622034640042729e-05 -1.371671129119902297e-05 2.613053280886161499e-04 -8.361616144521484290e-04 4.136618754429208017e-04 3.339116899291518902e-04 3.007653819186357526e-04 2.871288346551125414e-04 -1.727510022397610431e-05 -2.203818704707606133e-05 -3.241440050885967722e-05 -5.157411621468038716e-05 1.508108596598619060e-04 -1.188795889677871174e-03 3.419889543360441560e-04 5.083884670661923885e-04 6.392262740754696849e-04 7.550092816365337094e-04 8.435190489656183834e-04
-3.575967960777468643e-05 -1.112039094176110401e-04 -2.869547050014086082e-05 -9.221348770616502166e-09 2.906733947254936377e-04 -1.214344519507219375e-03 4.773016156073347106e-04 3.555510146033552662e-04 3.016324051761943821e-04 2.778323050780568846e-04 -2.695572335220914017e-05 -3.476752877169660231e-05 -4.999475181686094632e-05 -7.659653600224188214e-05 2.002787541793006577e-04 -1.854916741621274014e-03 3.393412093865693377e-04 5.421482819009022531e-04 7.057225021371605093e-04 8.435190489656183834e-04 9.729036982648523032e-04
